-997.000000
-990.000000
-964.000000
-923.000000
-904.000000
-891.000000
-888.000000
-878.000000
-866.000000
-830.000000
-823.000000
-809.000000
-788.000000
-759.000000
-715.000000
-713.000000
-687.000000
-683.000000
-682.000000
-674.000000
-673.000000
-670.000000
-657.000000
-655.000000
-652.000000
-643.000000
-579.000000
-577.000000
-544.000000
-534.000000
-532.000000
-508.000000
-477.000000
-475.000000
-467.000000
-449.000000
-441.000000
-431.000000
-425.000000
-404.000000
-382.000000
-382.000000
-378.000000
-369.000000
-361.000000
-328.000000
-312.000000
-309.000000
-304.000000
-276.000000
-254.000000
-236.000000
-220.000000
-152.000000
-139.000000
-105.000000
-94.000000
-87.000000
-86.000000
-44.000000
-31.000000
-29.000000
63.000000
72.000000
76.000000
78.000000
89.000000
135.000000
142.000000
184.000000
193.000000
240.000000
277.000000
312.000000
319.000000
340.000000
362.000000
381.000000
397.000000
421.000000
428.000000
451.000000
496.000000
526.000000
540.000000
542.000000
556.000000
663.000000
720.000000
724.000000
741.000000
780.000000
803.000000
806.000000
860.000000
884.000000
885.000000
905.000000
923.000000
936.000000
